Processing: build/serial
Creating groups
Filling groups
Processing start
Flows: 160701 11366645 -11366645 -160701 
Flows: 4526225 11204524 -11204524 -4526225 
Flows: -3023521 16659059 -16659059 3023521 
Flows: 6008438 12616706 -12616706 -6008438 
Flows: 3667755 9483690 -9483690 -3667755 
Flows: 2871935 11536279 -11536279 -2871935 
Flows: -4596430 13926103 -13926103 4596430 
Flows: 3612493 14623643 -14623643 -3612493 
Flows: -4930088 14504979 -14504979 4930088 
Flows: -2789580 11511845 -11511845 2789580 
Flows: -2987258 14972273 -14972273 2987258 
Flows: 2151097 12089808 -12089808 -2151097 
Flows: 6518440 10513963 -10513963 -6518440 
Flows: 1639774 10800161 -10800161 -1639774 
Flows: -1812883 10139242 -10139242 1812883 
Flows: -14255523 16880842 -16880842 14255523 
Flows: 1820801 10837856 -10837856 -1820801 
Flows: 3456262 12538351 -12538351 -3456262 
Flows: -841451 11242429 -11242429 841451 
Flows: -580683 10216434 -10216434 580683 
Flows: 1326703 16103636 -16103636 -1326703 
Flows: -828233 16348769 -16348769 828233 
Flows: 7694636 13559374 -13559374 -7694636 
Flows: -3971497 13024913 -13024913 3971497 
Flows: 592092 12289164 -12289164 -592092 
Flows: 337561 13544882 -13544882 -337561 
Flows: 8663443 13984298 -13984298 -8663443 
Flows: 4356157 15544857 -15544857 -4356157 
Flows: 5199142 12208145 -12208145 -5199142 
Flows: -299314 17475368 -17475368 299314 
Flows: -4553013 16337299 -16337299 4553013 
Flows: 6626810 13408400 -13408400 -6626810 
Flows: 4793067 14570915 -14570915 -4793067 
Flows: 1802856 13318539 -13318539 -1802856 
Flows: 2770715 13149292 -13149292 -2770715 
Flows: 10461171 11945471 -11945471 -10461171 
Flows: 1362342 8798304 -8798304 -1362342 
Flows: 683450 11781047 -11781047 -683450 
Flows: 2236006 11639808 -11639808 -2236006 
Flows: -4161850 14418572 -14418572 4161850 
Flows: -4389371 13591611 -13591611 4389371 
Flows: -6395002 13933333 -13933333 6395002 
Flows: -11550737 14494404 -14494404 11550737 
Flows: -3668890 13467361 -13467361 3668890 
Flows: 954666 12387629 -12387629 -954666 
Flows: 3724143 14054096 -14054096 -3724143 
Flows: 6938364 12581619 -12581619 -6938364 
Flows: 522573 15395271 -15395271 -522573 
Flows: -715453 11042514 -11042514 715453 
Flows: -7222489 10624409 -10624409 7222489 
Flows: -363219 13859566 -13859566 363219 
Flows: -3330911 11668758 -11668758 3330911 
Flows: 5698356 10176875 -10176875 -5698356 
Flows: 2211468 13623979 -13623979 -2211468 
Flows: 2641258 13374469 -13374469 -2641258 
Flows: -2927262 12846230 -12846230 2927262 
Flows: -1921852 12229190 -12229190 1921852 
Flows: -3397448 11353881 -11353881 3397448 
Flows: -6905968 11489991 -11489991 6905968 
Flows: 5023459 11960338 -11960338 -5023459 
Flows: 2481627 9460373 -9460373 -2481627 
Flows: -1623354 13004301 -13004301 1623354 
Flows: -4020732 13172478 -13172478 4020732 
Flows: -1121333 8702763 -8702763 1121333 
Flows: -2493858 12257764 -12257764 2493858 
Flows: -7736593 17280965 -17280965 7736593 
Flows: -2004065 12693756 -12693756 2004065 
Flows: -4387579 15102421 -15102421 4387579 
Flows: -1081541 12532254 -12532254 1081541 
Flows: -2639708 11648193 -11648193 2639708 
Flows: 11416756 12418108 -12418108 -11416756 
Flows: -2853085 13218059 -13218059 2853085 
Flows: 1053079 10793689 -10793689 -1053079 
Flows: 674357 14937108 -14937108 -674357 
Flows: -748856 16141515 -16141515 748856 
Flows: 1038140 15300513 -15300513 -1038140 
Flows: -6308374 12003340 -12003340 6308374 
Flows: -1023559 14797574 -14797574 1023559 
Flows: 1514365 13925986 -13925986 -1514365 
Flows: 6652736 12997145 -12997145 -6652736 
Flows: -6000874 16585866 -16585866 6000874 
Flows: -5406798 12146250 -12146250 5406798 
Flows: 306745 15396051 -15396051 -306745 
Flows: 3095913 14126603 -14126603 -3095913 
Flows: 5170062 9987965 -9987965 -5170062 
Flows: 1875478 13240711 -13240711 -1875478 
Flows: 607922 12726995 -12726995 -607922 
Flows: 7626625 10973964 -10973964 -7626625 
Flows: -11013580 17192203 -17192203 11013580 
Flows: 4802762 12303552 -12303552 -4802762 
Flows: -2418884 12575323 -12575323 2418884 
Flows: -2960459 13348376 -13348376 2960459 
Flows: 7028911 13922330 -13922330 -7028911 
Flows: 2170469 11641067 -11641067 -2170469 
Flows: 1567442 14191972 -14191972 -1567442 
Flows: -5241277 16535120 -16535120 5241277 
Flows: 7066606 14199285 -14199285 -7066606 
Flows: 2978260 12250390 -12250390 -2978260 
Flows: 2475447 10649304 -10649304 -2475447 
Flows: 5487911 13841763 -13841763 -5487911 
Flows: 2156248 12952976 -12952976 -2156248 
Flows: 3120833 11639799 -11639799 -3120833 
Flows: 2893899 8780626 -8780626 -2893899 
Flows: -2021393 15482329 -15482329 2021393 
Flows: -3641183 13056895 -13056895 3641183 
Flows: 6849374 11784765 -11784765 -6849374 
Flows: -7464268 15812973 -15812973 7464268 
Flows: 4816931 15312329 -15312329 -4816931 
Flows: -5198462 11607917 -11607917 5198462 
Flows: 4423574 12354565 -12354565 -4423574 
Flows: 1898084 16541354 -16541354 -1898084 
Flows: 1572917 16916805 -16916805 -1572917 
Flows: -6386943 15475635 -15475635 6386943 
Flows: -8451259 11812155 -11812155 8451259 
Flows: 5541474 10837522 -10837522 -5541474 
Flows: -1471744 16956874 -16956874 1471744 
Flows: 925115 12731300 -12731300 -925115 
Flows: -7634393 14144652 -14144652 7634393 
Flows: -7040479 12159805 -12159805 7040479 
Flows: -4157841 13718842 -13718842 4157841 
Flows: 627036 12327646 -12327646 -627036 
Flows: -3415977 14549251 -14549251 3415977 
Flows: -2226589 11124226 -11124226 2226589 
Flows: -6402841 11014076 -11014076 6402841 
Flows: -4691576 13986847 -13986847 4691576 
Flows: 2631749 13833495 -13833495 -2631749 
Flows: 8915847 17259090 -17259090 -8915847 
Flows: -4811652 12502915 -12502915 4811652 

real	0m29.319s
user	0m29.312s
sys	0m0.000s
Processing: build/serial_branch_by_code
Creating groups
Filling groups
Processing start
Flows: 160701 11366645 -11366645 -160701 
Flows: 4526225 11204524 -11204524 -4526225 
Flows: -3023521 16659059 -16659059 3023521 
Flows: 6008438 12616706 -12616706 -6008438 
Flows: 3667755 9483690 -9483690 -3667755 
Flows: 2871935 11536279 -11536279 -2871935 
Flows: -4596430 13926103 -13926103 4596430 
Flows: 3612493 14623643 -14623643 -3612493 
Flows: -4930088 14504979 -14504979 4930088 
Flows: -2789580 11511845 -11511845 2789580 
Flows: -2987258 14972273 -14972273 2987258 
Flows: 2151097 12089808 -12089808 -2151097 
Flows: 6518440 10513963 -10513963 -6518440 
Flows: 1639774 10800161 -10800161 -1639774 
Flows: -1812883 10139242 -10139242 1812883 
Flows: -14255523 16880842 -16880842 14255523 
Flows: 1820801 10837856 -10837856 -1820801 
Flows: 3456262 12538351 -12538351 -3456262 
Flows: -841451 11242429 -11242429 841451 
Flows: -580683 10216434 -10216434 580683 
Flows: 1326703 16103636 -16103636 -1326703 
Flows: -828233 16348769 -16348769 828233 
Flows: 7694636 13559374 -13559374 -7694636 
Flows: -3971497 13024913 -13024913 3971497 
Flows: 592092 12289164 -12289164 -592092 
Flows: 337561 13544882 -13544882 -337561 
Flows: 8663443 13984298 -13984298 -8663443 
Flows: 4356157 15544857 -15544857 -4356157 
Flows: 5199142 12208145 -12208145 -5199142 
Flows: -299314 17475368 -17475368 299314 
Flows: -4553013 16337299 -16337299 4553013 
Flows: 6626810 13408400 -13408400 -6626810 
Flows: 4793067 14570915 -14570915 -4793067 
Flows: 1802856 13318539 -13318539 -1802856 
Flows: 2770715 13149292 -13149292 -2770715 
Flows: 10461171 11945471 -11945471 -10461171 
Flows: 1362342 8798304 -8798304 -1362342 
Flows: 683450 11781047 -11781047 -683450 
Flows: 2236006 11639808 -11639808 -2236006 
Flows: -4161850 14418572 -14418572 4161850 
Flows: -4389371 13591611 -13591611 4389371 
Flows: -6395002 13933333 -13933333 6395002 
Flows: -11550737 14494404 -14494404 11550737 
Flows: -3668890 13467361 -13467361 3668890 
Flows: 954666 12387629 -12387629 -954666 
Flows: 3724143 14054096 -14054096 -3724143 
Flows: 6938364 12581619 -12581619 -6938364 
Flows: 522573 15395271 -15395271 -522573 
Flows: -715453 11042514 -11042514 715453 
Flows: -7222489 10624409 -10624409 7222489 
Flows: -363219 13859566 -13859566 363219 
Flows: -3330911 11668758 -11668758 3330911 
Flows: 5698356 10176875 -10176875 -5698356 
Flows: 2211468 13623979 -13623979 -2211468 
Flows: 2641258 13374469 -13374469 -2641258 
Flows: -2927262 12846230 -12846230 2927262 
Flows: -1921852 12229190 -12229190 1921852 
Flows: -3397448 11353881 -11353881 3397448 
Flows: -6905968 11489991 -11489991 6905968 
Flows: 5023459 11960338 -11960338 -5023459 
Flows: 2481627 9460373 -9460373 -2481627 
Flows: -1623354 13004301 -13004301 1623354 
Flows: -4020732 13172478 -13172478 4020732 
Flows: -1121333 8702763 -8702763 1121333 
Flows: -2493858 12257764 -12257764 2493858 
Flows: -7736593 17280965 -17280965 7736593 
Flows: -2004065 12693756 -12693756 2004065 
Flows: -4387579 15102421 -15102421 4387579 
Flows: -1081541 12532254 -12532254 1081541 
Flows: -2639708 11648193 -11648193 2639708 
Flows: 11416756 12418108 -12418108 -11416756 
Flows: -2853085 13218059 -13218059 2853085 
Flows: 1053079 10793689 -10793689 -1053079 
Flows: 674357 14937108 -14937108 -674357 
Flows: -748856 16141515 -16141515 748856 
Flows: 1038140 15300513 -15300513 -1038140 
Flows: -6308374 12003340 -12003340 6308374 
Flows: -1023559 14797574 -14797574 1023559 
Flows: 1514365 13925986 -13925986 -1514365 
Flows: 6652736 12997145 -12997145 -6652736 
Flows: -6000874 16585866 -16585866 6000874 
Flows: -5406798 12146250 -12146250 5406798 
Flows: 306745 15396051 -15396051 -306745 
Flows: 3095913 14126603 -14126603 -3095913 
Flows: 5170062 9987965 -9987965 -5170062 
Flows: 1875478 13240711 -13240711 -1875478 
Flows: 607922 12726995 -12726995 -607922 
Flows: 7626625 10973964 -10973964 -7626625 
Flows: -11013580 17192203 -17192203 11013580 
Flows: 4802762 12303552 -12303552 -4802762 
Flows: -2418884 12575323 -12575323 2418884 
Flows: -2960459 13348376 -13348376 2960459 
Flows: 7028911 13922330 -13922330 -7028911 
Flows: 2170469 11641067 -11641067 -2170469 
Flows: 1567442 14191972 -14191972 -1567442 
Flows: -5241277 16535120 -16535120 5241277 
Flows: 7066606 14199285 -14199285 -7066606 
Flows: 2978260 12250390 -12250390 -2978260 
Flows: 2475447 10649304 -10649304 -2475447 
Flows: 5487911 13841763 -13841763 -5487911 
Flows: 2156248 12952976 -12952976 -2156248 
Flows: 3120833 11639799 -11639799 -3120833 
Flows: 2893899 8780626 -8780626 -2893899 
Flows: -2021393 15482329 -15482329 2021393 
Flows: -3641183 13056895 -13056895 3641183 
Flows: 6849374 11784765 -11784765 -6849374 
Flows: -7464268 15812973 -15812973 7464268 
Flows: 4816931 15312329 -15312329 -4816931 
Flows: -5198462 11607917 -11607917 5198462 
Flows: 4423574 12354565 -12354565 -4423574 
Flows: 1898084 16541354 -16541354 -1898084 
Flows: 1572917 16916805 -16916805 -1572917 
Flows: -6386943 15475635 -15475635 6386943 
Flows: -8451259 11812155 -11812155 8451259 
Flows: 5541474 10837522 -10837522 -5541474 
Flows: -1471744 16956874 -16956874 1471744 
Flows: 925115 12731300 -12731300 -925115 
Flows: -7634393 14144652 -14144652 7634393 
Flows: -7040479 12159805 -12159805 7040479 
Flows: -4157841 13718842 -13718842 4157841 
Flows: 627036 12327646 -12327646 -627036 
Flows: -3415977 14549251 -14549251 3415977 
Flows: -2226589 11124226 -11124226 2226589 
Flows: -6402841 11014076 -11014076 6402841 
Flows: -4691576 13986847 -13986847 4691576 
Flows: 2631749 13833495 -13833495 -2631749 
Flows: 8915847 17259090 -17259090 -8915847 
Flows: -4811652 12502915 -12502915 4811652 

real	0m29.334s
user	0m29.328s
sys	0m0.000s
Processing: build/serial_branchless
Creating groups
Filling groups
Processing start
Flows: 160701 11366645 -11366645 -160701 
Flows: 4526225 11204524 -11204524 -4526225 
Flows: -3023521 16659059 -16659059 3023521 
Flows: 6008438 12616706 -12616706 -6008438 
Flows: 3667755 9483690 -9483690 -3667755 
Flows: 2871935 11536279 -11536279 -2871935 
Flows: -4596430 13926103 -13926103 4596430 
Flows: 3612493 14623643 -14623643 -3612493 
Flows: -4930088 14504979 -14504979 4930088 
Flows: -2789580 11511845 -11511845 2789580 
Flows: -2987258 14972273 -14972273 2987258 
Flows: 2151097 12089808 -12089808 -2151097 
Flows: 6518440 10513963 -10513963 -6518440 
Flows: 1639774 10800161 -10800161 -1639774 
Flows: -1812883 10139242 -10139242 1812883 
Flows: -14255523 16880842 -16880842 14255523 
Flows: 1820801 10837856 -10837856 -1820801 
Flows: 3456262 12538351 -12538351 -3456262 
Flows: -841451 11242429 -11242429 841451 
Flows: -580683 10216434 -10216434 580683 
Flows: 1326703 16103636 -16103636 -1326703 
Flows: -828233 16348769 -16348769 828233 
Flows: 7694636 13559374 -13559374 -7694636 
Flows: -3971497 13024913 -13024913 3971497 
Flows: 592092 12289164 -12289164 -592092 
Flows: 337561 13544882 -13544882 -337561 
Flows: 8663443 13984298 -13984298 -8663443 
Flows: 4356157 15544857 -15544857 -4356157 
Flows: 5199142 12208145 -12208145 -5199142 
Flows: -299314 17475368 -17475368 299314 
Flows: -4553013 16337299 -16337299 4553013 
Flows: 6626810 13408400 -13408400 -6626810 
Flows: 4793067 14570915 -14570915 -4793067 
Flows: 1802856 13318539 -13318539 -1802856 
Flows: 2770715 13149292 -13149292 -2770715 
Flows: 10461171 11945471 -11945471 -10461171 
Flows: 1362342 8798304 -8798304 -1362342 
Flows: 683450 11781047 -11781047 -683450 
Flows: 2236006 11639808 -11639808 -2236006 
Flows: -4161850 14418572 -14418572 4161850 
Flows: -4389371 13591611 -13591611 4389371 
Flows: -6395002 13933333 -13933333 6395002 
Flows: -11550737 14494404 -14494404 11550737 
Flows: -3668890 13467361 -13467361 3668890 
Flows: 954666 12387629 -12387629 -954666 
Flows: 3724143 14054096 -14054096 -3724143 
Flows: 6938364 12581619 -12581619 -6938364 
Flows: 522573 15395271 -15395271 -522573 
Flows: -715453 11042514 -11042514 715453 
Flows: -7222489 10624409 -10624409 7222489 
Flows: -363219 13859566 -13859566 363219 
Flows: -3330911 11668758 -11668758 3330911 
Flows: 5698356 10176875 -10176875 -5698356 
Flows: 2211468 13623979 -13623979 -2211468 
Flows: 2641258 13374469 -13374469 -2641258 
Flows: -2927262 12846230 -12846230 2927262 
Flows: -1921852 12229190 -12229190 1921852 
Flows: -3397448 11353881 -11353881 3397448 
Flows: -6905968 11489991 -11489991 6905968 
Flows: 5023459 11960338 -11960338 -5023459 
Flows: 2481627 9460373 -9460373 -2481627 
Flows: -1623354 13004301 -13004301 1623354 
Flows: -4020732 13172478 -13172478 4020732 
Flows: -1121333 8702763 -8702763 1121333 
Flows: -2493858 12257764 -12257764 2493858 
Flows: -7736593 17280965 -17280965 7736593 
Flows: -2004065 12693756 -12693756 2004065 
Flows: -4387579 15102421 -15102421 4387579 
Flows: -1081541 12532254 -12532254 1081541 
Flows: -2639708 11648193 -11648193 2639708 
Flows: 11416756 12418108 -12418108 -11416756 
Flows: -2853085 13218059 -13218059 2853085 
Flows: 1053079 10793689 -10793689 -1053079 
Flows: 674357 14937108 -14937108 -674357 
Flows: -748856 16141515 -16141515 748856 
Flows: 1038140 15300513 -15300513 -1038140 
Flows: -6308374 12003340 -12003340 6308374 
Flows: -1023559 14797574 -14797574 1023559 
Flows: 1514365 13925986 -13925986 -1514365 
Flows: 6652736 12997145 -12997145 -6652736 
Flows: -6000874 16585866 -16585866 6000874 
Flows: -5406798 12146250 -12146250 5406798 
Flows: 306745 15396051 -15396051 -306745 
Flows: 3095913 14126603 -14126603 -3095913 
Flows: 5170062 9987965 -9987965 -5170062 
Flows: 1875478 13240711 -13240711 -1875478 
Flows: 607922 12726995 -12726995 -607922 
Flows: 7626625 10973964 -10973964 -7626625 
Flows: -11013580 17192203 -17192203 11013580 
Flows: 4802762 12303552 -12303552 -4802762 
Flows: -2418884 12575323 -12575323 2418884 
Flows: -2960459 13348376 -13348376 2960459 
Flows: 7028911 13922330 -13922330 -7028911 
Flows: 2170469 11641067 -11641067 -2170469 
Flows: 1567442 14191972 -14191972 -1567442 
Flows: -5241277 16535120 -16535120 5241277 
Flows: 7066606 14199285 -14199285 -7066606 
Flows: 2978260 12250390 -12250390 -2978260 
Flows: 2475447 10649304 -10649304 -2475447 
Flows: 5487911 13841763 -13841763 -5487911 
Flows: 2156248 12952976 -12952976 -2156248 
Flows: 3120833 11639799 -11639799 -3120833 
Flows: 2893899 8780626 -8780626 -2893899 
Flows: -2021393 15482329 -15482329 2021393 
Flows: -3641183 13056895 -13056895 3641183 
Flows: 6849374 11784765 -11784765 -6849374 
Flows: -7464268 15812973 -15812973 7464268 
Flows: 4816931 15312329 -15312329 -4816931 
Flows: -5198462 11607917 -11607917 5198462 
Flows: 4423574 12354565 -12354565 -4423574 
Flows: 1898084 16541354 -16541354 -1898084 
Flows: 1572917 16916805 -16916805 -1572917 
Flows: -6386943 15475635 -15475635 6386943 
Flows: -8451259 11812155 -11812155 8451259 
Flows: 5541474 10837522 -10837522 -5541474 
Flows: -1471744 16956874 -16956874 1471744 
Flows: 925115 12731300 -12731300 -925115 
Flows: -7634393 14144652 -14144652 7634393 
Flows: -7040479 12159805 -12159805 7040479 
Flows: -4157841 13718842 -13718842 4157841 
Flows: 627036 12327646 -12327646 -627036 
Flows: -3415977 14549251 -14549251 3415977 
Flows: -2226589 11124226 -11124226 2226589 
Flows: -6402841 11014076 -11014076 6402841 
Flows: -4691576 13986847 -13986847 4691576 
Flows: 2631749 13833495 -13833495 -2631749 
Flows: 8915847 17259090 -17259090 -8915847 
Flows: -4811652 12502915 -12502915 4811652 

real	0m53.131s
user	0m53.124s
sys	0m0.000s
Processing: build/serial_div_switch
Creating groups
Filling groups
Processing start
Flows: 160701 11366645 -11366645 -160701 
Flows: 4526225 11204524 -11204524 -4526225 
Flows: -3023521 16659059 -16659059 3023521 
Flows: 6008438 12616706 -12616706 -6008438 
Flows: 3667755 9483690 -9483690 -3667755 
Flows: 2871935 11536279 -11536279 -2871935 
Flows: -4596430 13926103 -13926103 4596430 
Flows: 3612493 14623643 -14623643 -3612493 
Flows: -4930088 14504979 -14504979 4930088 
Flows: -2789580 11511845 -11511845 2789580 
Flows: -2987258 14972273 -14972273 2987258 
Flows: 2151097 12089808 -12089808 -2151097 
Flows: 6518440 10513963 -10513963 -6518440 
Flows: 1639774 10800161 -10800161 -1639774 
Flows: -1812883 10139242 -10139242 1812883 
Flows: -14255523 16880842 -16880842 14255523 
Flows: 1820801 10837856 -10837856 -1820801 
Flows: 3456262 12538351 -12538351 -3456262 
Flows: -841451 11242429 -11242429 841451 
Flows: -580683 10216434 -10216434 580683 
Flows: 1326703 16103636 -16103636 -1326703 
Flows: -828233 16348769 -16348769 828233 
Flows: 7694636 13559374 -13559374 -7694636 
Flows: -3971497 13024913 -13024913 3971497 
Flows: 592092 12289164 -12289164 -592092 
Flows: 337561 13544882 -13544882 -337561 
Flows: 8663443 13984298 -13984298 -8663443 
Flows: 4356157 15544857 -15544857 -4356157 
Flows: 5199142 12208145 -12208145 -5199142 
Flows: -299314 17475368 -17475368 299314 
Flows: -4553013 16337299 -16337299 4553013 
Flows: 6626810 13408400 -13408400 -6626810 
Flows: 4793067 14570915 -14570915 -4793067 
Flows: 1802856 13318539 -13318539 -1802856 
Flows: 2770715 13149292 -13149292 -2770715 
Flows: 10461171 11945471 -11945471 -10461171 
Flows: 1362342 8798304 -8798304 -1362342 
Flows: 683450 11781047 -11781047 -683450 
Flows: 2236006 11639808 -11639808 -2236006 
Flows: -4161850 14418572 -14418572 4161850 
Flows: -4389371 13591611 -13591611 4389371 
Flows: -6395002 13933333 -13933333 6395002 
Flows: -11550737 14494404 -14494404 11550737 
Flows: -3668890 13467361 -13467361 3668890 
Flows: 954666 12387629 -12387629 -954666 
Flows: 3724143 14054096 -14054096 -3724143 
Flows: 6938364 12581619 -12581619 -6938364 
Flows: 522573 15395271 -15395271 -522573 
Flows: -715453 11042514 -11042514 715453 
Flows: -7222489 10624409 -10624409 7222489 
Flows: -363219 13859566 -13859566 363219 
Flows: -3330911 11668758 -11668758 3330911 
Flows: 5698356 10176875 -10176875 -5698356 
Flows: 2211468 13623979 -13623979 -2211468 
Flows: 2641258 13374469 -13374469 -2641258 
Flows: -2927262 12846230 -12846230 2927262 
Flows: -1921852 12229190 -12229190 1921852 
Flows: -3397448 11353881 -11353881 3397448 
Flows: -6905968 11489991 -11489991 6905968 
Flows: 5023459 11960338 -11960338 -5023459 
Flows: 2481627 9460373 -9460373 -2481627 
Flows: -1623354 13004301 -13004301 1623354 
Flows: -4020732 13172478 -13172478 4020732 
Flows: -1121333 8702763 -8702763 1121333 
Flows: -2493858 12257764 -12257764 2493858 
Flows: -7736593 17280965 -17280965 7736593 
Flows: -2004065 12693756 -12693756 2004065 
Flows: -4387579 15102421 -15102421 4387579 
Flows: -1081541 12532254 -12532254 1081541 
Flows: -2639708 11648193 -11648193 2639708 
Flows: 11416756 12418108 -12418108 -11416756 
Flows: -2853085 13218059 -13218059 2853085 
Flows: 1053079 10793689 -10793689 -1053079 
Flows: 674357 14937108 -14937108 -674357 
Flows: -748856 16141515 -16141515 748856 
Flows: 1038140 15300513 -15300513 -1038140 
Flows: -6308374 12003340 -12003340 6308374 
Flows: -1023559 14797574 -14797574 1023559 
Flows: 1514365 13925986 -13925986 -1514365 
Flows: 6652736 12997145 -12997145 -6652736 
Flows: -6000874 16585866 -16585866 6000874 
Flows: -5406798 12146250 -12146250 5406798 
Flows: 306745 15396051 -15396051 -306745 
Flows: 3095913 14126603 -14126603 -3095913 
Flows: 5170062 9987965 -9987965 -5170062 
Flows: 1875478 13240711 -13240711 -1875478 
Flows: 607922 12726995 -12726995 -607922 
Flows: 7626625 10973964 -10973964 -7626625 
Flows: -11013580 17192203 -17192203 11013580 
Flows: 4802762 12303552 -12303552 -4802762 
Flows: -2418884 12575323 -12575323 2418884 
Flows: -2960459 13348376 -13348376 2960459 
Flows: 7028911 13922330 -13922330 -7028911 
Flows: 2170469 11641067 -11641067 -2170469 
Flows: 1567442 14191972 -14191972 -1567442 
Flows: -5241277 16535120 -16535120 5241277 
Flows: 7066606 14199285 -14199285 -7066606 
Flows: 2978260 12250390 -12250390 -2978260 
Flows: 2475447 10649304 -10649304 -2475447 
Flows: 5487911 13841763 -13841763 -5487911 
Flows: 2156248 12952976 -12952976 -2156248 
Flows: 3120833 11639799 -11639799 -3120833 
Flows: 2893899 8780626 -8780626 -2893899 
Flows: -2021393 15482329 -15482329 2021393 
Flows: -3641183 13056895 -13056895 3641183 
Flows: 6849374 11784765 -11784765 -6849374 
Flows: -7464268 15812973 -15812973 7464268 
Flows: 4816931 15312329 -15312329 -4816931 
Flows: -5198462 11607917 -11607917 5198462 
Flows: 4423574 12354565 -12354565 -4423574 
Flows: 1898084 16541354 -16541354 -1898084 
Flows: 1572917 16916805 -16916805 -1572917 
Flows: -6386943 15475635 -15475635 6386943 
Flows: -8451259 11812155 -11812155 8451259 
Flows: 5541474 10837522 -10837522 -5541474 
Flows: -1471744 16956874 -16956874 1471744 
Flows: 925115 12731300 -12731300 -925115 
Flows: -7634393 14144652 -14144652 7634393 
Flows: -7040479 12159805 -12159805 7040479 
Flows: -4157841 13718842 -13718842 4157841 
Flows: 627036 12327646 -12327646 -627036 
Flows: -3415977 14549251 -14549251 3415977 
Flows: -2226589 11124226 -11124226 2226589 
Flows: -6402841 11014076 -11014076 6402841 
Flows: -4691576 13986847 -13986847 4691576 
Flows: 2631749 13833495 -13833495 -2631749 
Flows: 8915847 17259090 -17259090 -8915847 
Flows: -4811652 12502915 -12502915 4811652 

real	0m22.018s
user	0m22.012s
sys	0m0.000s
Processing: build/vector
Creating groups
Filling groups
Processing start
Flows: 160701 11366645 -11366645 -160701 
Flows: 4526225 11204524 -11204524 -4526225 
Flows: -3023521 16659059 -16659059 3023521 
Flows: 6008438 12616706 -12616706 -6008438 
Flows: 3667755 9483690 -9483690 -3667755 
Flows: 2871935 11536279 -11536279 -2871935 
Flows: -4596430 13926103 -13926103 4596430 
Flows: 3612493 14623643 -14623643 -3612493 
Flows: -4930088 14504979 -14504979 4930088 
Flows: -2789580 11511845 -11511845 2789580 
Flows: -2987258 14972273 -14972273 2987258 
Flows: 2151097 12089808 -12089808 -2151097 
Flows: 6518440 10513963 -10513963 -6518440 
Flows: 1639774 10800161 -10800161 -1639774 
Flows: -1812883 10139242 -10139242 1812883 
Flows: -14255523 16880842 -16880842 14255523 
Flows: 1820801 10837856 -10837856 -1820801 
Flows: 3456262 12538351 -12538351 -3456262 
Flows: -841451 11242429 -11242429 841451 
Flows: -580683 10216434 -10216434 580683 
Flows: 1326703 16103636 -16103636 -1326703 
Flows: -828233 16348769 -16348769 828233 
Flows: 7694636 13559374 -13559374 -7694636 
Flows: -3971497 13024913 -13024913 3971497 
Flows: 592092 12289164 -12289164 -592092 
Flows: 337561 13544882 -13544882 -337561 
Flows: 8663443 13984298 -13984298 -8663443 
Flows: 4356157 15544857 -15544857 -4356157 
Flows: 5199142 12208145 -12208145 -5199142 
Flows: -299314 17475368 -17475368 299314 
Flows: -4553013 16337299 -16337299 4553013 
Flows: 6626810 13408400 -13408400 -6626810 
Flows: 4793067 14570915 -14570915 -4793067 
Flows: 1802856 13318539 -13318539 -1802856 
Flows: 2770715 13149292 -13149292 -2770715 
Flows: 10461171 11945471 -11945471 -10461171 
Flows: 1362342 8798304 -8798304 -1362342 
Flows: 683450 11781047 -11781047 -683450 
Flows: 2236006 11639808 -11639808 -2236006 
Flows: -4161850 14418572 -14418572 4161850 
Flows: -4389371 13591611 -13591611 4389371 
Flows: -6395002 13933333 -13933333 6395002 
Flows: -11550737 14494404 -14494404 11550737 
Flows: -3668890 13467361 -13467361 3668890 
Flows: 954666 12387629 -12387629 -954666 
Flows: 3724143 14054096 -14054096 -3724143 
Flows: 6938364 12581619 -12581619 -6938364 
Flows: 522573 15395271 -15395271 -522573 
Flows: -715453 11042514 -11042514 715453 
Flows: -7222489 10624409 -10624409 7222489 
Flows: -363219 13859566 -13859566 363219 
Flows: -3330911 11668758 -11668758 3330911 
Flows: 5698356 10176875 -10176875 -5698356 
Flows: 2211468 13623979 -13623979 -2211468 
Flows: 2641258 13374469 -13374469 -2641258 
Flows: -2927262 12846230 -12846230 2927262 
Flows: -1921852 12229190 -12229190 1921852 
Flows: -3397448 11353881 -11353881 3397448 
Flows: -6905968 11489991 -11489991 6905968 
Flows: 5023459 11960338 -11960338 -5023459 
Flows: 2481627 9460373 -9460373 -2481627 
Flows: -1623354 13004301 -13004301 1623354 
Flows: -4020732 13172478 -13172478 4020732 
Flows: -1121333 8702763 -8702763 1121333 
Flows: -2493858 12257764 -12257764 2493858 
Flows: -7736593 17280965 -17280965 7736593 
Flows: -2004065 12693756 -12693756 2004065 
Flows: -4387579 15102421 -15102421 4387579 
Flows: -1081541 12532254 -12532254 1081541 
Flows: -2639708 11648193 -11648193 2639708 
Flows: 11416756 12418108 -12418108 -11416756 
Flows: -2853085 13218059 -13218059 2853085 
Flows: 1053079 10793689 -10793689 -1053079 
Flows: 674357 14937108 -14937108 -674357 
Flows: -748856 16141515 -16141515 748856 
Flows: 1038140 15300513 -15300513 -1038140 
Flows: -6308374 12003340 -12003340 6308374 
Flows: -1023559 14797574 -14797574 1023559 
Flows: 1514365 13925986 -13925986 -1514365 
Flows: 6652736 12997145 -12997145 -6652736 
Flows: -6000874 16585866 -16585866 6000874 
Flows: -5406798 12146250 -12146250 5406798 
Flows: 306745 15396051 -15396051 -306745 
Flows: 3095913 14126603 -14126603 -3095913 
Flows: 5170062 9987965 -9987965 -5170062 
Flows: 1875478 13240711 -13240711 -1875478 
Flows: 607922 12726995 -12726995 -607922 
Flows: 7626625 10973964 -10973964 -7626625 
Flows: -11013580 17192203 -17192203 11013580 
Flows: 4802762 12303552 -12303552 -4802762 
Flows: -2418884 12575323 -12575323 2418884 
Flows: -2960459 13348376 -13348376 2960459 
Flows: 7028911 13922330 -13922330 -7028911 
Flows: 2170469 11641067 -11641067 -2170469 
Flows: 1567442 14191972 -14191972 -1567442 
Flows: -5241277 16535120 -16535120 5241277 
Flows: 7066606 14199285 -14199285 -7066606 
Flows: 2978260 12250390 -12250390 -2978260 
Flows: 2475447 10649304 -10649304 -2475447 
Flows: 5487911 13841763 -13841763 -5487911 
Flows: 2156248 12952976 -12952976 -2156248 
Flows: 3120833 11639799 -11639799 -3120833 
Flows: 2893899 8780626 -8780626 -2893899 
Flows: -2021393 15482329 -15482329 2021393 
Flows: -3641183 13056895 -13056895 3641183 
Flows: 6849374 11784765 -11784765 -6849374 
Flows: -7464268 15812973 -15812973 7464268 
Flows: 4816931 15312329 -15312329 -4816931 
Flows: -5198462 11607917 -11607917 5198462 
Flows: 4423574 12354565 -12354565 -4423574 
Flows: 1898084 16541354 -16541354 -1898084 
Flows: 1572917 16916805 -16916805 -1572917 
Flows: -6386943 15475635 -15475635 6386943 
Flows: -8451259 11812155 -11812155 8451259 
Flows: 5541474 10837522 -10837522 -5541474 
Flows: -1471744 16956874 -16956874 1471744 
Flows: 925115 12731300 -12731300 -925115 
Flows: -7634393 14144652 -14144652 7634393 
Flows: -7040479 12159805 -12159805 7040479 
Flows: -4157841 13718842 -13718842 4157841 
Flows: 627036 12327646 -12327646 -627036 
Flows: -3415977 14549251 -14549251 3415977 
Flows: -2226589 11124226 -11124226 2226589 
Flows: -6402841 11014076 -11014076 6402841 
Flows: -4691576 13986847 -13986847 4691576 
Flows: 2631749 13833495 -13833495 -2631749 
Flows: 8915847 17259090 -17259090 -8915847 
Flows: -4811652 12502915 -12502915 4811652 

real	0m17.775s
user	0m17.776s
sys	0m0.000s
Processing: build/vector_branch_by_code
Creating groups
Filling groups
Processing start
Flows: 160701 11366645 -11366645 -160701 
Flows: 4526225 11204524 -11204524 -4526225 
Flows: -3023521 16659059 -16659059 3023521 
Flows: 6008438 12616706 -12616706 -6008438 
Flows: 3667755 9483690 -9483690 -3667755 
Flows: 2871935 11536279 -11536279 -2871935 
Flows: -4596430 13926103 -13926103 4596430 
Flows: 3612493 14623643 -14623643 -3612493 
Flows: -4930088 14504979 -14504979 4930088 
Flows: -2789580 11511845 -11511845 2789580 
Flows: -2987258 14972273 -14972273 2987258 
Flows: 2151097 12089808 -12089808 -2151097 
Flows: 6518440 10513963 -10513963 -6518440 
Flows: 1639774 10800161 -10800161 -1639774 
Flows: -1812883 10139242 -10139242 1812883 
Flows: -14255523 16880842 -16880842 14255523 
Flows: 1820801 10837856 -10837856 -1820801 
Flows: 3456262 12538351 -12538351 -3456262 
Flows: -841451 11242429 -11242429 841451 
Flows: -580683 10216434 -10216434 580683 
Flows: 1326703 16103636 -16103636 -1326703 
Flows: -828233 16348769 -16348769 828233 
Flows: 7694636 13559374 -13559374 -7694636 
Flows: -3971497 13024913 -13024913 3971497 
Flows: 592092 12289164 -12289164 -592092 
Flows: 337561 13544882 -13544882 -337561 
Flows: 8663443 13984298 -13984298 -8663443 
Flows: 4356157 15544857 -15544857 -4356157 
Flows: 5199142 12208145 -12208145 -5199142 
Flows: -299314 17475368 -17475368 299314 
Flows: -4553013 16337299 -16337299 4553013 
Flows: 6626810 13408400 -13408400 -6626810 
Flows: 4793067 14570915 -14570915 -4793067 
Flows: 1802856 13318539 -13318539 -1802856 
Flows: 2770715 13149292 -13149292 -2770715 
Flows: 10461171 11945471 -11945471 -10461171 
Flows: 1362342 8798304 -8798304 -1362342 
Flows: 683450 11781047 -11781047 -683450 
Flows: 2236006 11639808 -11639808 -2236006 
Flows: -4161850 14418572 -14418572 4161850 
Flows: -4389371 13591611 -13591611 4389371 
Flows: -6395002 13933333 -13933333 6395002 
Flows: -11550737 14494404 -14494404 11550737 
Flows: -3668890 13467361 -13467361 3668890 
Flows: 954666 12387629 -12387629 -954666 
Flows: 3724143 14054096 -14054096 -3724143 
Flows: 6938364 12581619 -12581619 -6938364 
Flows: 522573 15395271 -15395271 -522573 
Flows: -715453 11042514 -11042514 715453 
Flows: -7222489 10624409 -10624409 7222489 
Flows: -363219 13859566 -13859566 363219 
Flows: -3330911 11668758 -11668758 3330911 
Flows: 5698356 10176875 -10176875 -5698356 
Flows: 2211468 13623979 -13623979 -2211468 
Flows: 2641258 13374469 -13374469 -2641258 
Flows: -2927262 12846230 -12846230 2927262 
Flows: -1921852 12229190 -12229190 1921852 
Flows: -3397448 11353881 -11353881 3397448 
Flows: -6905968 11489991 -11489991 6905968 
Flows: 5023459 11960338 -11960338 -5023459 
Flows: 2481627 9460373 -9460373 -2481627 
Flows: -1623354 13004301 -13004301 1623354 
Flows: -4020732 13172478 -13172478 4020732 
Flows: -1121333 8702763 -8702763 1121333 
Flows: -2493858 12257764 -12257764 2493858 
Flows: -7736593 17280965 -17280965 7736593 
Flows: -2004065 12693756 -12693756 2004065 
Flows: -4387579 15102421 -15102421 4387579 
Flows: -1081541 12532254 -12532254 1081541 
Flows: -2639708 11648193 -11648193 2639708 
Flows: 11416756 12418108 -12418108 -11416756 
Flows: -2853085 13218059 -13218059 2853085 
Flows: 1053079 10793689 -10793689 -1053079 
Flows: 674357 14937108 -14937108 -674357 
Flows: -748856 16141515 -16141515 748856 
Flows: 1038140 15300513 -15300513 -1038140 
Flows: -6308374 12003340 -12003340 6308374 
Flows: -1023559 14797574 -14797574 1023559 
Flows: 1514365 13925986 -13925986 -1514365 
Flows: 6652736 12997145 -12997145 -6652736 
Flows: -6000874 16585866 -16585866 6000874 
Flows: -5406798 12146250 -12146250 5406798 
Flows: 306745 15396051 -15396051 -306745 
Flows: 3095913 14126603 -14126603 -3095913 
Flows: 5170062 9987965 -9987965 -5170062 
Flows: 1875478 13240711 -13240711 -1875478 
Flows: 607922 12726995 -12726995 -607922 
Flows: 7626625 10973964 -10973964 -7626625 
Flows: -11013580 17192203 -17192203 11013580 
Flows: 4802762 12303552 -12303552 -4802762 
Flows: -2418884 12575323 -12575323 2418884 
Flows: -2960459 13348376 -13348376 2960459 
Flows: 7028911 13922330 -13922330 -7028911 
Flows: 2170469 11641067 -11641067 -2170469 
Flows: 1567442 14191972 -14191972 -1567442 
Flows: -5241277 16535120 -16535120 5241277 
Flows: 7066606 14199285 -14199285 -7066606 
Flows: 2978260 12250390 -12250390 -2978260 
Flows: 2475447 10649304 -10649304 -2475447 
Flows: 5487911 13841763 -13841763 -5487911 
Flows: 2156248 12952976 -12952976 -2156248 
Flows: 3120833 11639799 -11639799 -3120833 
Flows: 2893899 8780626 -8780626 -2893899 
Flows: -2021393 15482329 -15482329 2021393 
Flows: -3641183 13056895 -13056895 3641183 
Flows: 6849374 11784765 -11784765 -6849374 
Flows: -7464268 15812973 -15812973 7464268 
Flows: 4816931 15312329 -15312329 -4816931 
Flows: -5198462 11607917 -11607917 5198462 
Flows: 4423574 12354565 -12354565 -4423574 
Flows: 1898084 16541354 -16541354 -1898084 
Flows: 1572917 16916805 -16916805 -1572917 
Flows: -6386943 15475635 -15475635 6386943 
Flows: -8451259 11812155 -11812155 8451259 
Flows: 5541474 10837522 -10837522 -5541474 
Flows: -1471744 16956874 -16956874 1471744 
Flows: 925115 12731300 -12731300 -925115 
Flows: -7634393 14144652 -14144652 7634393 
Flows: -7040479 12159805 -12159805 7040479 
Flows: -4157841 13718842 -13718842 4157841 
Flows: 627036 12327646 -12327646 -627036 
Flows: -3415977 14549251 -14549251 3415977 
Flows: -2226589 11124226 -11124226 2226589 
Flows: -6402841 11014076 -11014076 6402841 
Flows: -4691576 13986847 -13986847 4691576 
Flows: 2631749 13833495 -13833495 -2631749 
Flows: 8915847 17259090 -17259090 -8915847 
Flows: -4811652 12502915 -12502915 4811652 

real	0m17.926s
user	0m17.920s
sys	0m0.000s
Processing: build/vector_branchless
Creating groups
Filling groups
Processing start
Flows: 160701 11366645 -11366645 -160701 
Flows: 4526225 11204524 -11204524 -4526225 
Flows: -3023521 16659059 -16659059 3023521 
Flows: 6008438 12616706 -12616706 -6008438 
Flows: 3667755 9483690 -9483690 -3667755 
Flows: 2871935 11536279 -11536279 -2871935 
Flows: -4596430 13926103 -13926103 4596430 
Flows: 3612493 14623643 -14623643 -3612493 
Flows: -4930088 14504979 -14504979 4930088 
Flows: -2789580 11511845 -11511845 2789580 
Flows: -2987258 14972273 -14972273 2987258 
Flows: 2151097 12089808 -12089808 -2151097 
Flows: 6518440 10513963 -10513963 -6518440 
Flows: 1639774 10800161 -10800161 -1639774 
Flows: -1812883 10139242 -10139242 1812883 
Flows: -14255523 16880842 -16880842 14255523 
Flows: 1820801 10837856 -10837856 -1820801 
Flows: 3456262 12538351 -12538351 -3456262 
Flows: -841451 11242429 -11242429 841451 
Flows: -580683 10216434 -10216434 580683 
Flows: 1326703 16103636 -16103636 -1326703 
Flows: -828233 16348769 -16348769 828233 
Flows: 7694636 13559374 -13559374 -7694636 
Flows: -3971497 13024913 -13024913 3971497 
Flows: 592092 12289164 -12289164 -592092 
Flows: 337561 13544882 -13544882 -337561 
Flows: 8663443 13984298 -13984298 -8663443 
Flows: 4356157 15544857 -15544857 -4356157 
Flows: 5199142 12208145 -12208145 -5199142 
Flows: -299314 17475368 -17475368 299314 
Flows: -4553013 16337299 -16337299 4553013 
Flows: 6626810 13408400 -13408400 -6626810 
Flows: 4793067 14570915 -14570915 -4793067 
Flows: 1802856 13318539 -13318539 -1802856 
Flows: 2770715 13149292 -13149292 -2770715 
Flows: 10461171 11945471 -11945471 -10461171 
Flows: 1362342 8798304 -8798304 -1362342 
Flows: 683450 11781047 -11781047 -683450 
Flows: 2236006 11639808 -11639808 -2236006 
Flows: -4161850 14418572 -14418572 4161850 
Flows: -4389371 13591611 -13591611 4389371 
Flows: -6395002 13933333 -13933333 6395002 
Flows: -11550737 14494404 -14494404 11550737 
Flows: -3668890 13467361 -13467361 3668890 
Flows: 954666 12387629 -12387629 -954666 
Flows: 3724143 14054096 -14054096 -3724143 
Flows: 6938364 12581619 -12581619 -6938364 
Flows: 522573 15395271 -15395271 -522573 
Flows: -715453 11042514 -11042514 715453 
Flows: -7222489 10624409 -10624409 7222489 
Flows: -363219 13859566 -13859566 363219 
Flows: -3330911 11668758 -11668758 3330911 
Flows: 5698356 10176875 -10176875 -5698356 
Flows: 2211468 13623979 -13623979 -2211468 
Flows: 2641258 13374469 -13374469 -2641258 
Flows: -2927262 12846230 -12846230 2927262 
Flows: -1921852 12229190 -12229190 1921852 
Flows: -3397448 11353881 -11353881 3397448 
Flows: -6905968 11489991 -11489991 6905968 
Flows: 5023459 11960338 -11960338 -5023459 
Flows: 2481627 9460373 -9460373 -2481627 
Flows: -1623354 13004301 -13004301 1623354 
Flows: -4020732 13172478 -13172478 4020732 
Flows: -1121333 8702763 -8702763 1121333 
Flows: -2493858 12257764 -12257764 2493858 
Flows: -7736593 17280965 -17280965 7736593 
Flows: -2004065 12693756 -12693756 2004065 
Flows: -4387579 15102421 -15102421 4387579 
Flows: -1081541 12532254 -12532254 1081541 
Flows: -2639708 11648193 -11648193 2639708 
Flows: 11416756 12418108 -12418108 -11416756 
Flows: -2853085 13218059 -13218059 2853085 
Flows: 1053079 10793689 -10793689 -1053079 
Flows: 674357 14937108 -14937108 -674357 
Flows: -748856 16141515 -16141515 748856 
Flows: 1038140 15300513 -15300513 -1038140 
Flows: -6308374 12003340 -12003340 6308374 
Flows: -1023559 14797574 -14797574 1023559 
Flows: 1514365 13925986 -13925986 -1514365 
Flows: 6652736 12997145 -12997145 -6652736 
Flows: -6000874 16585866 -16585866 6000874 
Flows: -5406798 12146250 -12146250 5406798 
Flows: 306745 15396051 -15396051 -306745 
Flows: 3095913 14126603 -14126603 -3095913 
Flows: 5170062 9987965 -9987965 -5170062 
Flows: 1875478 13240711 -13240711 -1875478 
Flows: 607922 12726995 -12726995 -607922 
Flows: 7626625 10973964 -10973964 -7626625 
Flows: -11013580 17192203 -17192203 11013580 
Flows: 4802762 12303552 -12303552 -4802762 
Flows: -2418884 12575323 -12575323 2418884 
Flows: -2960459 13348376 -13348376 2960459 
Flows: 7028911 13922330 -13922330 -7028911 
Flows: 2170469 11641067 -11641067 -2170469 
Flows: 1567442 14191972 -14191972 -1567442 
Flows: -5241277 16535120 -16535120 5241277 
Flows: 7066606 14199285 -14199285 -7066606 
Flows: 2978260 12250390 -12250390 -2978260 
Flows: 2475447 10649304 -10649304 -2475447 
Flows: 5487911 13841763 -13841763 -5487911 
Flows: 2156248 12952976 -12952976 -2156248 
Flows: 3120833 11639799 -11639799 -3120833 
Flows: 2893899 8780626 -8780626 -2893899 
Flows: -2021393 15482329 -15482329 2021393 
Flows: -3641183 13056895 -13056895 3641183 
Flows: 6849374 11784765 -11784765 -6849374 
Flows: -7464268 15812973 -15812973 7464268 
Flows: 4816931 15312329 -15312329 -4816931 
Flows: -5198462 11607917 -11607917 5198462 
Flows: 4423574 12354565 -12354565 -4423574 
Flows: 1898084 16541354 -16541354 -1898084 
Flows: 1572917 16916805 -16916805 -1572917 
Flows: -6386943 15475635 -15475635 6386943 
Flows: -8451259 11812155 -11812155 8451259 
Flows: 5541474 10837522 -10837522 -5541474 
Flows: -1471744 16956874 -16956874 1471744 
Flows: 925115 12731300 -12731300 -925115 
Flows: -7634393 14144652 -14144652 7634393 
Flows: -7040479 12159805 -12159805 7040479 
Flows: -4157841 13718842 -13718842 4157841 
Flows: 627036 12327646 -12327646 -627036 
Flows: -3415977 14549251 -14549251 3415977 
Flows: -2226589 11124226 -11124226 2226589 
Flows: -6402841 11014076 -11014076 6402841 
Flows: -4691576 13986847 -13986847 4691576 
Flows: 2631749 13833495 -13833495 -2631749 
Flows: 8915847 17259090 -17259090 -8915847 
Flows: -4811652 12502915 -12502915 4811652 

real	0m27.775s
user	0m27.772s
sys	0m0.000s
